1168070
678268843
1195115201
1260501992
704671065
408145426
1011275440
1694606898
1703877348
746024267
1794193459
417963415
665975744
743430420
1149079870
638806795
1528921388
166317290
1792337459
1436426120
376508442
1864429808
1911758855
654618747
992426424
579291095
1975930990
1158900898
344583572
26567821
222638147
1336692731
1342167826
1020292670
775852571
607325389
701907908
1212405961
1956012967
1404137269
1011152376
1773753897
487628401
1146807831
1107352968
1561917450
680350398
1820071734
1562434646
782928982
1428964481
1670276942
812199786
1609612146
1273705739
1429231253
1858946652
2098152784
198742477
1301609030
100924397
98128425
350867255
409729299
1861625187
2019133942
1421442476
1949474080
1026729457
1584749330
16184745
1807938869
1656319056
297727307
639820415
1384963552
881037807
1076545360
1322008721
1508631161
598371974
545717293
341756290
1900563128
1466595994
635440068
778915521
546718511
37841686
1903073804
713854586
136760289
1096544109
286050585
1957649285
988446484
260432572
892434194
1489577086
331596852
